336
0,1.000000,4.380952,73
1,1.139535,3.500000,77
2,1.209302,3.250000,79
3,1.266667,3.000000,81
4,1.318182,2.900000,84
5,1.400000,2.739130,86
6,1.456522,2.481482,88
7,1.522727,2.392857,89
8,1.595238,2.310345,91
9,1.666667,2.187500,93
10,1.761905,2.114286,94
11,1.850000,2.055556,95
12,1.918919,1.972222,96
13,2.027778,1.921053,97
14,2.138889,1.878049,98
15,2.194444,1.837209,100
16,1.030928,4.166667,136
17,1.092783,3.785714,141
18,1.125000,3.600000,144
19,1.145833,3.437500,147
20,1.180851,3.264706,150
21,1.218750,3.162162,150
22,1.244681,3.078947,153
23,1.271739,2.925000,155
24,1.293478,2.833333,158
25,1.326087,2.772727,161
26,1.365591,2.702128,163
27,1.384615,2.625000,164
28,1.422222,2.560000,167
29,1.455556,2.519231,168
30,1.482759,2.433962,171
31,1.511628,2.363636,173
32,1.548780,2.309091,173
33,1.576923,2.320755,176
34,1.626667,2.218182,175
35,1.648649,2.178571,177
36,1.689189,2.155172,180
37,1.726027,2.100000,177
38,1.770270,2.079365,181
39,1.818182,2.028986,181
40,1.855263,1.985916,183
41,1.893333,1.945205,184
42,1.933333,1.907895,183
43,2.000000,1.894737,185
44,2.042253,1.858974,186
45,2.071429,1.835443,186
46,2.147059,1.802469,185
47,2.196970,1.768293,186
48,1.034091,4.136364,235
49,1.068182,3.916667,238
50,1.093168,3.744681,252
51,1.098765,3.708333,254
52,1.124138,3.543478,258
53,1.140940,3.469388,261
54,1.146497,3.396226,264
55,1.173077,3.327273,267
56,1.184932,3.264151,272
57,1.200000,3.222222,275
58,1.215278,3.125000,277
59,1.207921,3.253333,280
60,1.239726,3.016667,283
61,1.215686,3.179487,284
62,1.270833,2.904762,289
63,1.284722,2.846154,289
64,1.296552,2.805970,295
65,1.312500,2.779412,295
66,1.328671,2.714286,294
67,1.337500,2.708861,300
68,1.354839,2.658228,302
69,1.368421,2.632911,304
70,1.386667,2.600000,306
71,1.403973,2.585366,307
72,1.415493,2.512500,309
73,1.429577,2.506173,311
74,1.446808,2.487805,314
75,1.453901,2.440476,312
76,1.467626,2.400000,317
77,1.487013,2.385417,318
78,1.500000,2.354839,319
79,1.518750,2.336539,323
80,1.520231,2.390909,323
81,1.540881,2.289720,325
82,1.565517,2.270000,325
83,1.577465,2.262626,326
84,1.588652,2.240000,329
85,1.605839,2.222222,329
86,1.619355,2.182609,330
87,1.638158,2.165217,329
88,1.651316,2.145299,333
89,1.676056,2.125000,335
90,1.695035,2.096491,333
91,1.707483,2.074380,332
92,1.729730,2.064516,336
93,1.751724,2.048387,337
94,1.765517,2.015748,337
95,1.784722,2.007812,339
96,1.800000,1.984252,338
97,1.824818,1.968504,339
98,1.851562,1.958678,340
99,1.878261,1.928571,338
100,1.903226,1.918699,340
101,1.909091,1.894737,340
102,1.940678,1.877049,338
103,1.982456,1.867769,340
104,1.983740,1.834587,337
105,2.008547,1.821705,337
106,2.046729,1.809917,338
107,2.063063,1.789062,333
108,2.091743,1.767442,337
109,2.133333,1.750000,338
110,2.161905,1.732824,337
111,2.184466,1.730769,336
112,1.043062,4.192307,323
113,1.074074,3.932203,330
114,1.081081,3.870968,334
115,1.094170,3.812500,338
116,1.107623,3.742424,342
117,1.116071,3.623188,346
118,1.124444,3.563380,350
119,1.142222,3.520548,355
120,1.150442,3.466667,356
121,1.159292,3.402597,362
122,1.171806,3.325000,364
123,1.185022,3.280488,368
124,1.193833,3.226191,373
125,1.202643,3.174419,374
126,1.221720,3.139535,378
127,1.223684,3.100000,383
128,1.243243,3.032967,384
129,1.246637,2.989247,388
130,1.254386,2.979167,386
131,1.262009,2.948980,394
132,1.270742,2.910000,396
133,1.279476,2.900990,397
134,1.288210,2.864078,402
135,1.302632,2.828571,403
136,1.311404,2.794393,409
137,1.321429,2.740741,410
138,1.328947,2.729730,410
139,1.340807,2.693694,411
140,1.346491,2.692982,416
141,1.358744,2.657895,417
142,1.359649,2.627119,420
143,1.373333,2.618644,424
144,1.375546,2.603306,426
145,1.384279,2.577236,428
146,1.394737,2.544000,430
147,1.403509,2.539683,432
148,1.412281,2.515625,430
149,1.422907,2.484615,435
150,1.430493,2.453846,434
151,1.442478,2.451128,439
152,1.449153,2.425532,437
153,1.451087,2.542857,440
154,1.470320,2.402985,440
155,1.476190,2.384615,444
156,1.491803,2.459460,445
157,1.495238,2.343284,446
158,1.500000,2.337931,449
159,1.512315,2.308271,445
160,1.525253,2.305344,449
161,1.531532,2.281879,450
162,1.537313,2.255475,451
163,1.551724,2.250000,454
164,1.559091,2.227273,455
165,1.562814,2.221429,456
166,1.576419,2.201220,456
167,1.602339,2.283333,458
168,1.600000,2.186667,456
169,1.603175,2.164286,460
170,1.618358,2.147436,456
171,1.627358,2.129630,459
172,1.630769,2.120000,461
173,1.646739,2.104167,462
174,1.656250,2.092105,462
175,1.675676,2.094594,464
176,1.669856,2.065089,459
177,1.683417,2.055215,459
178,1.702564,2.049383,460
179,1.715686,2.034884,461
180,1.723301,2.017045,460
181,1.805556,2.074468,461
182,1.738889,1.981013,460
183,1.761364,1.987180,461
184,1.762712,1.962264,459
185,1.781915,1.959064,462
186,1.862745,2.021277,462
187,1.805714,1.926829,460
188,1.820809,1.909091,462
189,1.836257,1.903030,459
190,1.860963,1.901639,458
191,1.871951,1.871951,456
192,1.886905,1.864706,461
193,1.911111,1.859459,458
194,1.914773,1.831522,459
195,1.935897,1.819277,457
196,1.944828,1.807692,450
197,1.970588,1.801075,453
198,1.987805,1.791209,456
199,2.006711,1.769231,456
200,2.018072,1.763158,455
201,2.031847,1.733696,454
202,2.060976,1.715736,448
203,2.082278,1.713542,452
204,2.127660,1.834862,451
205,2.134752,1.681564,447
206,2.152866,1.681592,448
207,2.190141,1.645503,448
208,1.052174,4.033333,385
209,1.083333,3.861375,398
210,1.078189,3.852941,400
211,1.097561,3.820000,404
212,1.097872,3.785714,409
213,1.074890,3.785000,415
214,1.088889,3.778889,420
215,1.132743,3.506849,421
216,1.134328,3.454545,427
217,1.161943,3.376471,429
218,1.151079,3.404255,436
219,1.179104,3.391667,438
220,1.118943,3.328572,441
221,1.137168,3.369444,448
222,1.186131,3.217822,449
223,1.203007,3.168317,454
224,1.200000,3.135135,457
225,1.235000,3.085000,460
226,1.233871,3.029703,463
227,1.223529,3.058824,468
228,1.229249,3.049020,470
229,1.237736,3.009174,473
230,1.245136,2.962963,476
231,1.250000,2.941176,469
232,1.277580,2.872000,483
233,1.265918,2.888889,482
234,1.270916,2.873874,487
235,1.281690,2.843750,488
236,1.288136,2.814815,488
237,1.293040,2.801587,494
238,1.296875,2.766667,495
239,1.310606,2.768000,497
240,1.311538,2.728000,500
241,1.320896,2.723077,503
242,1.333333,2.676923,504
243,1.333333,2.687023,508
244,1.309278,2.653933,511
245,1.354949,2.629139,514
246,1.321429,2.646154,513
247,1.323529,2.612500,512
248,1.373134,2.573426,519
249,1.378092,2.565789,518
250,1.385666,2.537500,525
251,1.398551,2.522876,527
252,1.389091,2.529801,527
253,1.395189,2.506173,526
254,1.406475,2.474684,529
255,1.388060,2.477143,533
256,1.414545,2.477707,532
257,1.422939,2.450617,537
258,1.429054,2.445087,538
259,1.440433,2.403615,538
260,1.443223,2.432099,539
261,1.452962,2.410405,542
262,1.456929,2.386503,542
263,1.465306,2.377483,540
264,1.467681,2.382716,547
265,1.476378,2.373418,546
266,1.479705,2.345029,551
267,1.494624,2.342697,548
268,1.492754,2.301676,553
269,1.496479,2.297297,552
270,1.505226,2.285714,554
271,1.515625,2.295062,557
272,1.514493,2.271739,554
273,1.516854,2.275281,554
274,1.526316,2.257485,554
275,1.530120,2.254438,556
276,1.535849,2.236264,557
277,1.547703,2.234694,560
278,1.551331,2.217391,559
279,1.555556,2.191919,562
280,1.593496,2.179070,560
281,1.569811,2.189474,563
282,1.574074,2.168367,565
283,1.583969,2.161458,563
284,1.593361,2.157303,565
285,1.594378,2.145946,562
286,1.606695,2.133333,563
287,1.608511,2.123595,565
288,1.611538,2.105528,568
289,1.618852,2.089947,568
290,1.625000,2.090452,568
291,1.687151,2.157143,567
292,1.644898,2.066667,567
293,1.655870,2.065657,567
294,1.661017,2.052356,567
295,1.675573,2.041861,570
296,1.689076,2.040609,569
297,1.685185,2.022222,561
298,1.689815,2.016575,570
299,1.698413,2.000000,570
300,1.718147,1.995516,571
301,1.728033,1.985577,570
302,1.731818,1.984375,565
303,1.741379,1.970732,571
304,1.743590,1.952153,565
305,1.759336,1.944954,570
306,1.762791,1.933674,565
307,1.778802,1.930000,569
308,1.792453,1.919192,568
309,1.795122,1.906736,570
310,1.810000,1.905263,567
311,1.907407,2.000000,564
312,1.817259,1.874346,563
313,1.844221,1.872449,563
314,1.848958,1.858639,564
315,1.865000,1.855721,563
316,1.865591,1.835979,559
317,1.890625,1.833333,560
318,1.904255,1.826531,558
319,1.912820,1.810680,557
320,1.925134,1.800000,560
321,1.939560,1.791878,559
322,1.952128,1.781553,557
323,1.968254,1.771429,562
324,1.983146,1.765000,556
325,2.005525,1.753623,553
326,2.011236,1.737864,551
327,2.029070,1.727723,549
328,2.041420,1.716418,550
329,2.075581,1.716346,543
330,2.091463,1.706468,548
331,2.109091,1.689320,545
332,2.130137,1.663102,538
333,2.139394,1.665094,536
334,2.169811,1.635071,541
335,2.194118,1.643172,537